3541
8746
2436
3003
4364
3823
6201
3048
4246
6065
10449
14340
5245
5768
12861
6593
2851
6920
3353
7921
11270
14201
10300
5883
12425
1069
7873
7503
19
5253
8038
9583
10260
8983
4286
3793
8326
7119
5181
297
10567
8118
5818
9110
10377
47
3490
6557
10175
3120
11880
11765
1531
10827
12910
8707
2784
9649
10679
9761
9829
9905
8043
6489
11030
2257
6970
6023
10072
8759
5880
8667
3365
6075
4671
12254
8757
2686
6942
10172
7997
3458
121
7014
7032
12480
11191
4679
11273
5256
6866
1556
8473
4740
12587
8257
7015
5847
1067
6218
7585
7423
7879
12488
4045
12189
7727
5849
4405
13484
6652
6208
3285
10306
10322
10590
3846
12432
6619
7722
4080
12315
12530
1253
14207
1255
13274
3463
1667
10584
3109
1387
11272
2993
10576
199
11271
10883
8588
2557
1910
111
11922
14718
10506
10941
6663
3595
5139
5205
10328
7469
12433
5215
7243
12144
7842
12464
11807
9171
124
3467
13694
8158
12534
2954
3520
2413
6535
6943
9834
10454
6618
13007
4093
946
9706
5251
14389
8694
8196
5174
2118
8087
9770
929
29
4686
9143
1185
1565
3292
9359
5216
2843
2957
11821
3632
8855
8149
3057
8585
8723
13791
7870
5357
5429
5389
11789
292
13129
3563
8703
11040
8920
3648
8003
4660
12743
10471
13255
13070
10693
11232
5812
11795
8123
830
3773
10699
13115
12878
12787
10649
950
3642
7662
10011
10615
1582
11988
5760
11957
7645
10738
1047
3183
6964
11584
9290
7098
1377
8706
2456
6965
4416
8180
317
11365
8564
11894
11851
1211
1031
1785
10258
12980
5870
9574
6650
12887
7154
3282
6436
4590
11137
11289
13040
8202
14785
3273
12814
2522
3898
8134
5168
6993
213
5896
839
4795
10385
1924
12817
2115
1184
7775
10632
12279
14818
12024
11224
10845
246
5447
11261
2044
11043
7145
543
7545
3615
9349
875
6656
2618
1040
8140
479
5146
10228
7649
9058
1933
2785
7799
1072
11773
13470
10757
458
5189
9760
11918
179
1100
1268
6239
4291
11269
2688
403
11757
11813
11368
4874
14771
10318
5074
2927
10428
11744
10289
3239
11427
10868
6758
5835
12297
3472
11085
3324
8111
5797
7674
3049
10790
10956
9865
9575
4125
4634
2390
1681
4630
5971
5764
6623
8008
2985
10467
5323
5231
11160
7710
12015
12030
5807
11834
10398
12215
972
11135
10604
6090
10417
12332
8613
11007
941
8248
12835
4573
12338
3016
3330
4083
6939
8608
5255
13856
5042
7860
3708
8128
9119
13097
12009
3098
5410
3661
836
3118
7088
7797
10714
12117
14354
5037
13258
8683
1248
2225
4744
220
3334
10843
1393
896
10332
9814
11961
4963
11012
4192
12986
2682
12546
2896
9634
2623
8327
7101
2554
3949
11612
4599
12251
1773
5378
9926
302
4881
5839
6975
4152
10702
5441
4770
5886
9749
10294
8164
2245
5848
5606
4171
9736
13738
9754
3720
6000
3780
7564
4036
4993
12442
7071
5985
3534
10285
10854
10324
1478
3416
7792
5929
228
4409
293
9812
433
3995
10216
14088
10762
3345
1094
9461
8402
12429
274
8211
1102
3315
13539
9208
4343
3132
6189
10376
4267
4122
2767
4579
4637
3322
1611
1256
13462
12421
4698
10371
6775
12135
11530
1156
1890
4811
10135
6486
13232
190
9326
9161
8850
11459
12376
10602
9257
9493
9919
11932
5472
12265
9794
12275
2531
3082
10041
962
12080
4741
3312
6319
1453
9756
12161
8654
13142
8119
4041
1907
3518
10703
6637
2073
3877
10340
10299
241
975
12959
12436
6128
6197
4005
7215
48
9805
937
2994
10634
11874
12000
6494
7943
7373
254
3897
6417
6962
2411
2344
862
13238
13468
800
279
11771
69
11121
940
7606
12771
925
12424
11827
7240
13294
9784
9853
6353
3228
4290
11183
13149
8903
3135
8163
9521
10315
12225
8701
4918
9352
2762
12422
11291
2529
4987
1603
4098
10947
5782
7102
5842
5648
11119
5832
8882
5165
3063
9069
3430
14483
4700
8114
9196
11611
8041
5560
13612
11958
5692
7012
4808
7957
12813
2973
12772
6081
10297
834
997
7155
2874
14154
1174
7938
4631
5787
2709
2271
1049
13946
2246
5949
1372
4638
12918
7584
10553
4237
7070
7321
1946
1550
10214
11330
2976
12360
897
4366
11327
3904
9903
4173
9712
6125
10721
1272
4238
6996
10339
12788
275
7565
11755
4223
11751
9974
3723
5372
5788
6259
4150
2746
12778
7590
3832
9705
7962
3317
6114
6376
6381
2277
3732
7104
6951
2775
11000
7049
12325
5785
13256
6375
12164
7161
2054
4022
1940
3211
11066
6643
13313
10535
413
12746
12566
8964
5235
952
11974
4120
12435
5185
6621
4436
5201
8684
7817
273
2830
5016
1904
6632
8800
2978
10830
13250
12407
1347
13380
3597
12262
6414
8603
6657
12533
4689
56
903
2010
12728
3445
9141
3862
3682
7389
5244
5647
1415
4078
10520
6481
6113
6954
1945
10731
8347
278
1022
4962
12354
5412
9694
11430
2435
9265
6037
10756
7583
1692
1035
6982
8415
6484
4117
12416
8980
416
265
2564
5375
5783
12815
5805
880
10491
7199
857
7205
2622
314
10724
13200
11230
1057
1990
13729
7934
4636
10745
10394
2031
3422
947
8178
7075
4106
4162
13184
8661
6770
2958
11826
7697
1019
4147
12801
885
4470
5132
3015
4810
8331
13471
3990
13212
200
5800
5260
7458
3947
1112
9433
12838
11837
6816
10309
12763
11645
2007
4640
10310
8881
3169
1815
11179
3019
4541
3660
4713
4137
11493
10580
10807
12463
14783
5980
2264
12071
349
1398
9773
2449
7574
1591
5939
13173
12023
8993
3314
974
11741
7221
4039
12507
4635
2900
8705
284
1901
3953
9310
4016
439
7554
5266
9821
1147
3339
3397
10144
10103
867
10444
7222
12872
5887
10519
2186
8009
5238
10708
9243
5270
7010
4156
11071
1407
2506
443
12361
2495
11038
11964
12753
14698
5485
9697
2406
8302
5640
3037
4528
9769
3347
4641
7862
9135
10261
11436
524
8060
10715
9178
816
4306
11388
3446
6317
3972
6845
6935
3466
12008
12576
1917
1058
13731
12758
5823
6070
11265
14148
327
7642
2814
10362
4944
9889
3146
10384
5254
6897
1970
7143
9866
5
10880
12055
5526
13195
1961
46
198
2990
4690
2995
3411
3842
2999
7395
12823
3758
5879
3896
10432
5400
10147
2905
8153
2223
2977
8662
5178
8390
3531
2171
7546
7408
4658
4215
1519
2819
227
7447
2881
3229
7555
7177
11276
5374
312
9107
3278
4916
12139
5972
6153
11953
12458
6461
11316
7047
6354
8829
11124
13690
1099
14608
3505
7543
5838
3125
7920
764
2217
7006
11778
6406
104
4255
8604
6893
3318
5803
259
68
9771
2982
2098
10190
4450
11170
4114
6121
6800
11949
4084
8161
2969
135
868
1259
283
1686
6111
1402
7992
8443
3371
4564
3812
3024
6811
1029
3457
9327
13182
12466
448
5981
12583
12202
3593
9746
418
1636
1026
6760
12261
8566
9836
10420
7984
6983
12331
11127
348
6905
8132
9124
12411
3919
3071
3828
5150
8088
5531
6515
1640
6443
9897
5932
9408
4743
3431
9969
7603
8761
2003
11913
3477
3678
3639
6678
4256
1079
8172
10372
3798
12224
5481
425
9958
11350
7569
5941
4467
7557
4081
9772
13130
8624
5936
10614
5192
9294
5508
8548
10283
4898
13099
11536
12465
5123
267
4165
2295
8451
12108
921
356
907
3737
1579
9165
5023
12995
11610
5830
11507
3690
11371
14515
12260
9751
8449
6872
12971
7655
4296
12145
10531
2550
9192
9729
7573
12992
4075
3497
1230
3657
444
2975
10950
4778
5564
6804
10678
6883
12313
12752
310
6432
1144
8190
395
11491
924
2817
11508
9570
3065
4077
14805
11825
8135
5553
3927
8208
4816
12802
9816
9787
5337
5148
3149
12784
5958
9799
5218
10799
10842
7827
14109
2110
6995
8820
8213
10662
12818
2389
8075
4350
11259
2852
6385
6363
9305
895
4429
12829
8854
8319
11920
10811
1246
5207
4577
1790
5004
7973
11398
10882
8179
3925
11385
4965
10613
11854
5811
468
708
9782
971
12168
4548
5523
9615
5888
4925
6405
8212
1103
1932
10060
6722
11173
100
5490
5175
4206
8841
9550
235
9181
4280
10183
7005
4052
10496
3792
2690
13053
10687
12072
4101
1832
1696
9133
2616
12754
1273
10468
8173
10521
8214
5052
10062
6427
13266
3540
2983
5413
260
4278
5203
1878
6054
13559
884
7196
6357
109
7066
12311
1929
8431
3838
4057
5145
12359
2307
9473
694
9792
11181
303
5383
191
1038
3417
11893
1965
1652
4969
1350
14440
11972
11769
11801
10586
10752
4602
4066
12857
6434
12073
5388
1577
10437
1436
9822
11875
1
6959
9765
13333
8630
4503
5852
4695
10873
13010
7013
7069
9906
9201
6142
3051
3299
12214
8671
12137
10803
6492
8117
7623
8193
3073
3225
8325
9545
12515
5371
6985
6348
11184
1913
10857
6737
5796
5864
4067
5988
6660
2000
8812
9164
3119
154
11341
3724
10200
13245
8112
7188
4692
2923
10505
11462
10562
3640
3105
1399
1760
8094
11862
13162
5220
2269
4458
1440
14612
4514
5866
4609
6007
5195
8063
2551
9734
4913
10314
4115
9650
10616
2552
3459
10262
7067
9848
12500
3335
2468
3901
330
8174
6957
7767
9336
3340
9841
5392
3610
12375
10334
11091
3323
5767
4063
3311
12741
10043
10746
11608
5382
2197
6101
4544
12796
6158
2743
3712
8151
890
7099
11942
11627
6099
5826
7129
5804
8483
1761
10860
6955
6651
3777
2765
4939
3249
11356
2001
1036
3022
3943
7001
10754
11842
4678
6401
13482
8696
9747
3727
1915
2061
11190
271
11714
11185
3507
1623
13382
13172
793
7036
2547
10304
855
9086
5172
9909
5769
1964
4839
14582
9130
5684
11906
8138
1912
12841
189
3902
13185
5798
3833
8553
1023
11632
9616
9824
14418
5779
2191
4584
6546
1158
4534
12257
13852
4471
12312
6416
13915
8493
12324
889
6063
3223
7917
9197
1005
3421
7577
12755
11226
6315
12323
2540
12966
8543
2535
3800
7117
7024
4074
7490
4132
10118
7795
9304
125
3641
11843
12799
8427
7629
3915
8937
2572
7437
2226
6890
11197
11775
3178
3406
3351
6952
4787
9253
1068
14735
3163
8474
2671
1787
2231
11788
13094
10737
3138
11208
5196
11392
544
7007
11995
4091
11252
5274
6626
5061
6610
2515
7029
11205
3066
2310
1148
8209
6384
6548
11159
9202
6658
450
1361
12367
10295
1030
9700
272
3260
12129
5951
7174
3572
7579
5279
10701
3574
8329
11767
5236
8595
9174
501
7924
2555
8638
1369
7259
5210
5333
8416
9203
8303
2904
4771
2012
12075
2008
231
7581
2646
11768
9146
6596
6944
1885
11882
4569
3869
4338
11148
4953
9639
4040
7983
7591
4691
10218
3630
9163
8126
9925
5498
5240
9393
4170
11295
6856
12012
10122
8162
9182
3110
6116
12403
10489
4411
10275
4047
784
8726
1897
5347
4664
3646
12356
13966
10718
7589
4629
9594
14394
7531
5765
1616
1919
6371
10563
12428
7062
10494
6464
11379
13757
9752
3941
2692
8014
2706
3190
374
12066
2543
3442
9954
9748
11811
8967
5276
10717
7305
10825
12253
11216
9479
3717
12836
8363
2559
4719
14499
9190
870
10485
7287
4328
8277
11761
12426
1444
13269